run_id,ts_utc,ts_ist,nse_phase,venue,symbol,label,kind,ccy,liquidity_source,identifier,expiry,strike,moneyness,dte,lot,tick,contract_value,qty_mult,px_to_inr,usdt_inr_mid,usd_inr_official,underlying,last,bid,ask,mid,spread,spread_bps,bid_qty_units,ask_qty_units,depth_touch_bid_inr,depth_touch_ask_inr,depth_bid_1bp_inr,depth_ask_1bp_inr,depth_bid_2bp_inr,depth_ask_2bp_inr,depth_bid_5bp_inr,depth_ask_5bp_inr,depth_bid_10bp_inr,depth_ask_10bp_inr,depth_bid_25bp_inr,depth_ask_25bp_inr,depth_bid_50bp_inr,depth_ask_50bp_inr,ic_buy_1L_bps,ic_sell_1L_bps,ic_buy_10L_bps,ic_sell_10L_bps,ic_buy_50L_bps,ic_sell_50L_bps,ic_buy_1cr_bps,ic_sell_1cr_bps,visible_levels_bid,visible_levels_ask,total_buy_units,total_sell_units,volume,oi,notional_traded_inr,source_ts
20260924T021500Z,2026-09-24T02:15:00.864092+00:00,24-Sep-2026 07:45:00,closed,NSE F&O,NIFTY,NIFTY FUT near,index_future,INR,native,FUTIDXNIFTY29-09-2026XX0.00,29-Sep-2026,,,,65.0,0.1,,1.0,1.0,99.69,95.809144,23446.8,23455.0,23454.4,23459.8,23457.1,5.399999999997817,2.302074851536557,130.0,130.0,3049072.0,3049774.0,0.0,0.0,18293860.0,120466710.0,18293860.0,121991740.0,18293860.0,121991740.0,18293860.0,121991740.0,18293860.0,121991740.0,1.151037425769054,1.1510374257675031,1.151037425769054,1.1510374257675031,1.1676654056079365,1.2154829784554027,1.18066690667333,1.3324701260532297,5,5,112060.0,180180.0,27537.0,239454.0,41957682177.45,23-Sep-2026 15:42
20260924T021500Z,2026-09-24T02:15:00.864092+00:00,24-Sep-2026 07:45:00,closed,NSE F&O,NIFTY,NIFTY FUT next,index_future,INR,native,FUTIDXNIFTY27-10-2026XX0.00,27-Oct-2026,,,,65.0,0.1,,1.0,1.0,99.69,95.809144,23446.8,23559.2,23550.0,23559.2,23554.6,9.200000000000728,3.9058188209524802,325.0,65.0,7653750.0,1531348.0,0.0,0.0,7653750.0,1531348.0,18368077.0,21442018.0,18368077.0,21442018.0,18368077.0,21442018.0,18368077.0,21442018.0,1.9529094104770122,1.9529094104754676,1.9529094104770122,1.9529094104754676,2.665499149510853,1.9529094104754676,3.0945950912080593,2.0992941412790884,5,5,65780.0,62205.0,11333.0,85005.0,17340210778.8,23-Sep-2026 15:42
20260924T021500Z,2026-09-24T02:15:00.864092+00:00,24-Sep-2026 07:45:00,closed,NSE F&O,NIFTY,NIFTY 23450 CE exp 29-Sep (5DTE),index_option_atm,INR,native,OPTIDXNIFTY29-09-2026CE23450.00,2026-09-29,23450.0,ATM,5,65.0,0.05,,1.0,1.0,99.69,95.809144,23446.8,108.8,108.0,108.8,108.4,0.7999999999999972,73.8007380073798,6240.0,650.0,673920.0,70720.0,0.0,0.0,0.0,0.0,0.0,0.0,0.0,0.0,0.0,0.0,694960.5,127348.0,39.599721435679875,36.900369003690564,,,,,,,5,5,277225.0,411970.0,2199764.0,59411.0,3368957373982.2,23-Sep-2026 15:42
20260924T021500Z,2026-09-24T02:15:00.864092+00:00,24-Sep-2026 07:45:00,closed,NSE F&O,NIFTY,NIFTY 23450 PE exp 29-Sep (5DTE),index_option_atm,INR,native,OPTIDXNIFTY29-09-2026PE23450.00,2026-09-29,23450.0,ATM,5,65.0,0.05,,1.0,1.0,99.69,95.809144,23446.8,99.4,98.7,99.35,99.025,0.6499999999999915,65.63998990153915,585.0,520.0,57739.5,51662.0,0.0,0.0,0.0,0.0,0.0,0.0,0.0,0.0,0.0,0.0,173043.0,193813.75,35.26005732828972,39.22710671419209,,,,,,,5,5,158795.0,458250.0,1777930.0,57432.0,2723424639936.0,23-Sep-2026 15:42
20260924T021500Z,2026-09-24T02:15:00.864092+00:00,24-Sep-2026 07:45:00,closed,NSE F&O,NIFTY,NIFTY 23550 CE exp 29-Sep (5DTE),index_option_otm,INR,native,OPTIDXNIFTY29-09-2026CE23550.00,2026-09-29,23550.0,OTM100,5,65.0,0.05,,1.0,1.0,99.69,95.809144,23446.8,61.75,61.65,62.2,61.925,0.5500000000000043,88.81711748082427,780.0,715.0,48087.0,44473.0,0.0,0.0,0.0,0.0,0.0,0.0,0.0,0.0,0.0,0.0,48087.0,44473.0,49.126244452042265,52.47476129866197,,,,,,,5,5,141505.0,335400.0,1171130.0,62075.0,1797734440138.0,23-Sep-2026 15:42
20260924T021500Z,2026-09-24T02:15:00.864092+00:00,24-Sep-2026 07:45:00,closed,NSE F&O,NIFTY,NIFTY 23350 PE exp 29-Sep (5DTE),index_option_otm,INR,native,OPTIDXNIFTY29-09-2026PE23350.00,2026-09-29,23350.0,OTM100,5,65.0,0.05,,1.0,1.0,99.69,95.809144,23446.8,61.2,61.2,61.8,61.5,0.5999999999999943,97.56097560975518,455.0,845.0,27846.0,52221.0,0.0,0.0,0.0,0.0,0.0,0.0,0.0,0.0,0.0,0.0,27846.0,52221.0,,,,,,,,,5,5,183625.0,855075.0,1820482.0,61223.0,2772944437760.9,23-Sep-2026 15:42
20260924T021500Z,2026-09-24T02:15:00.864092+00:00,24-Sep-2026 07:45:00,closed,NSE F&O,BANKNIFTY,BANKNIFTY FUT near,index_future,INR,native,FUTIDXBANKNIFTY29-09-2026XX0.00,29-Sep-2026,,,,30.0,0.2,,1.0,1.0,99.69,95.809144,56548.9,56687.2,56687.2,56705.0,56696.1,17.80000000000291,3.1395457535885027,150.0,120.0,8503080.0,6804600.0,0.0,0.0,22107582.0,6804600.0,22107582.0,27220752.0,22107582.0,27220752.0,22107582.0,27220752.0,22107582.0,27220752.0,1.5697728767942514,1.5697728767942514,1.5697728767942514,1.5697728767942514,1.5697728767942514,1.5697728767942514,1.8515566579972158,1.6014564729147875,5,5,41340.0,47340.0,9692.0,60683.0,16472894403.6,23-Sep-2026 15:42
20260924T021500Z,2026-09-24T02:15:00.864092+00:00,24-Sep-2026 07:45:00,closed,NSE F&O,BANKNIFTY,BANKNIFTY FUT next,index_future,INR,native,FUTIDXBANKNIFTY27-10-2026XX0.00,27-Oct-2026,,,,30.0,0.2,,1.0,1.0,99.69,95.809144,56548.9,56994.0,56976.8,56994.0,56985.4,17.19999999999709,3.018316972416986,30.0,270.0,1709304.0,15388380.0,0.0,0.0,10255632.0,41036130.0,20510880.0,94044300.0,20510880.0,94044300.0,20510880.0,94044300.0,20510880.0,94044300.0,1.509158486208493,1.509158486208493,1.509158486208493,1.509158486208493,1.509158486208493,1.5553556370255097,1.509158486208493,1.6921540042116892,5,5,16200.0,18360.0,2908.0,16769.0,4968502948.8,23-Sep-2026 15:42
20260924T021500Z,2026-09-24T02:15:00.864092+00:00,24-Sep-2026 07:45:00,closed,NSE F&O,BANKNIFTY,BANKNIFTY 56500 CE exp 29-Sep (5DTE),index_option_atm,INR,native,OPTIDXBANKNIFTY29-09-2026CE56500.00,2026-09-29,56500.0,ATM,5,30.0,0.05,,1.0,1.0,99.69,95.809144,56548.9,410.95,408.0,410.95,409.475,2.9499999999999886,72.04347029733167,150.0,120.0,61200.0,49314.0,0.0,0.0,0.0,0.0,0.0,0.0,0.0,0.0,0.0,0.0,61200.0,123294.0,36.640612479667325,52.17134819009893,,,,,,,5,5,20940.0,75450.0,236578.0,29461.0,403820547783.0,23-Sep-2026 15:42
20260924T021500Z,2026-09-24T02:15:00.864092+00:00,24-Sep-2026 07:45:00,closed,NSE F&O,BANKNIFTY,BANKNIFTY 56500 PE exp 29-Sep (5DTE),index_option_atm,INR,native,OPTIDXBANKNIFTY29-09-2026PE56500.00,2026-09-29,56500.0,ATM,5,30.0,0.05,,1.0,1.0,99.69,95.809144,56548.9,210.85,207.3,211.8,209.55,4.5,214.7458840372226,300.0,30.0,62190.0,6354.0,0.0,0.0,0.0,0.0,0.0,0.0,0.0,0.0,0.0,0.0,0.0,0.0,,112.79084604920514,,,,,,,5,5,24840.0,79650.0,234060.0,32309.0,398516150034.0,23-Sep-2026 15:42
20260924T021500Z,2026-09-24T02:15:00.864092+00:00,24-Sep-2026 07:45:00,closed,NSE F&O,BANKNIFTY,BANKNIFTY 56700 CE exp 29-Sep (5DTE),index_option_otm,INR,native,OPTIDXBANKNIFTY29-09-2026CE56700.00,2026-09-29,56700.0,OTM200,5,30.0,0.05,,1.0,1.0,99.69,95.809144,56548.9,294.95,290.25,294.9,292.575,4.649999999999977,158.93360676749475,30.0,180.0,8707.5,53081.99999999999,0.0,0.0,0.0,0.0,0.0,0.0,0.0,0.0,0.0,0.0,0.0,0.0,80.26854272853046,,,,,,,,5,5,10230.0,36630.0,90361.0,15044.0,154490770974.3,23-Sep-2026 15:42
20260924T021500Z,2026-09-24T02:15:00.864092+00:00,24-Sep-2026 07:45:00,closed,NSE F&O,BANKNIFTY,BANKNIFTY 56300 PE exp 29-Sep (5DTE),index_option_otm,INR,native,OPTIDXBANKNIFTY29-09-2026PE56300.00,2026-09-29,56300.0,OTM200,5,30.0,0.05,,1.0,1.0,99.69,95.809144,56548.9,148.75,146.0,148.8,147.4,2.8000000000000114,189.95929443690713,30.0,30.0,4380.0,4464.0,0.0,0.0,0.0,0.0,0.0,0.0,0.0,0.0,0.0,0.0,0.0,0.0,,,,,,,,,5,5,28080.0,59340.0,96000.0,11397.0,162704707200.0,23-Sep-2026 15:42
20260924T021500Z,2026-09-24T02:15:00.864092+00:00,24-Sep-2026 07:45:00,closed,NSE F&O,RELIANCE,RELIANCE FUT near (top),stock_future_top,INR,native,FUTSTKRELIANCE29-09-2026XX0.00,29-09-2026,,,,500.0,0.1,,1.0,1.0,99.69,95.809144,1248.0,1249.2,1248.5,1249.2,1248.85,0.7000000000000455,5.605156744205033,1000.0,500.0,1248500.0,624600.0,0.0,0.0,0.0,0.0,3745100.0,3123300.0,8113000.0,9995750.0,8113000.0,9995750.0,8113000.0,9995750.0,2.8025783721034268,2.802578372101606,3.103159891851851,2.802578372101606,4.304401009243022,4.40731951750265,,,5,5,165000.0,973000.0,23104.0,210795.0,14430527360.0,23-Sep-2026 15:42
20260924T021500Z,2026-09-24T02:15:00.864092+00:00,24-Sep-2026 07:45:00,closed,NSE F&O,HDFCBANK,HDFCBANK FUT near (top),stock_future_top,INR,native,FUTSTKHDFCBANK29-09-2026XX0.00,29-09-2026,,,,650.0,0.05,,1.0,1.0,99.69,95.809144,737.25,739.0,738.55,739.0,738.775,0.4500000000000455,6.091164427600358,650.0,3250.0,480057.49999999994,2401750.0,0.0,0.0,0.0,0.0,2880085.0,2882165.0,5759780.0,7206582.5,5759780.0,7206582.5,5759780.0,7206582.5,3.045582213800179,3.045582213800179,3.045582213800179,3.3974886796929953,4.127095750785371,4.4533453387390205,,,5,5,484900.0,1753050.0,82309.0,374717.0,39610959323.0,23-Sep-2026 15:42
20260924T021500Z,2026-09-24T02:15:00.864092+00:00,24-Sep-2026 07:45:00,closed,NSE F&O,ICICIBANK,ICICIBANK FUT near (top),stock_future_top,INR,native,FUTSTKICICIBANK29-09-2026XX0.00,29-09-2026,,,,700.0,0.1,,1.0,1.0,99.69,95.809144,1340.0,1342.0,1341.2,1342.2,1341.7,1.0,7.4532309756279345,1400.0,700.0,1877680.0,939540.0,0.0,0.0,0.0,0.0,2816450.0,1879150.0,6570550.0,6578250.0,6570550.0,6578250.0,6570550.0,6578250.0,3.7266154878139672,3.7266154878139672,3.771674568156693,3.7266154878139672,5.492154513343849,4.934474463192143,,,5,5,114800.0,252700.0,10458.0,127197.0,9819999252.0,23-Sep-2026 15:42
20260924T021500Z,2026-09-24T02:15:00.864092+00:00,24-Sep-2026 07:45:00,closed,NSE F&O,SBIN,SBIN FUT near (top),stock_future_top,INR,native,FUTSTKSBIN29-09-2026XX0.00,29-09-2026,,,,750.0,0.1,,1.0,1.0,99.69,95.809144,994.1,993.1,993.1,993.6,993.35,0.5,5.033472592741732,3750.0,750.0,3724125.0,745200.0,0.0,0.0,0.0,0.0,5958375.0,3726525.0,8191950.0,25345500.0,8191950.0,25345500.0,8191950.0,25345500.0,2.516736296370866,2.516736296370866,2.773222823206671,2.516736296370866,4.336299496076048,2.7736388378324848,5.0427579568705365,,5,5,213000.0,595500.0,8470.0,99254.0,6311145225.0,23-Sep-2026 15:42
20260924T021500Z,2026-09-24T02:15:00.864092+00:00,24-Sep-2026 07:45:00,closed,NSE F&O,INFY,INFY FUT near (top),stock_future_top,INR,native,FUTSTKINFY29-09-2026XX0.00,29-09-2026,,,,400.0,0.1,,1.0,1.0,99.69,95.809144,1020.5,1020.1,1019.5,1020.1,1019.8,0.6000000000000227,5.883506569915894,400.0,2800.0,407800.0,2856280.0,0.0,0.0,0.0,0.0,407800.0,4896800.0,3261120.0,6937680.0,3261120.0,6937680.0,3261120.0,6937680.0,2.941753284958504,2.941753284957389,2.941753284958504,4.865064011037072,3.6426906072201533,,,,5,5,90000.0,241200.0,24685.0,163931.0,10084612420.0,23-Sep-2026 15:42
20260924T021500Z,2026-09-24T02:15:00.864092+00:00,24-Sep-2026 07:45:00,closed,NSE F&O,AXISBANK,AXISBANK FUT near (top),stock_future_top,INR,native,FUTSTKAXISBANK29-09-2026XX0.00,29-09-2026,,,,625.0,0.1,,1.0,1.0,99.69,95.809144,1243.2,1246.0,1245.6,1246.9,1246.25,1.300000000000182,10.431293881646393,625.0,625.0,778500.0,779312.5,0.0,0.0,0.0,0.0,0.0,0.0,2335125.0,3897437.5,7781625.0,4677187.5,7781625.0,4677187.5,5.215646940823197,5.215646940823197,5.392717117667915,5.571157778875335,,8.531369976309575,,,5,5,104375.0,218125.0,7557.0,130369.0,5889595181.25,23-Sep-2026 15:42
20260924T021500Z,2026-09-24T02:15:00.864092+00:00,24-Sep-2026 07:45:00,closed,NSE F&O,SAIL,SAIL FUT near (tail),stock_future_tail,INR,native,FUTSTKSAIL29-09-2026XX0.00,29-09-2026,,,,4700.0,0.01,,1.0,1.0,99.69,95.809144,185.44,184.45,183.6,185.0,184.3,1.4000000000000057,75.96310363537741,32900.0,4700.0,6040440.0,869500.0,0.0,0.0,0.0,0.0,0.0,0.0,0.0,0.0,0.0,0.0,6040440.0,4347970.0,37.98155181768793,37.98155181768947,38.05235695430681,37.98155181768947,,37.98155181768947,,,5,5,84600.0,390100.0,1911.0,24425.0,1645177989.0,23-Sep-2026 15:42
20260924T021500Z,2026-09-24T02:15:00.864092+00:00,24-Sep-2026 07:45:00,closed,NSE F&O,NBCC,NBCC FUT near (tail),stock_future_tail,INR,native,FUTSTKNBCC29-09-2026XX0.00,29-09-2026,,,,6500.0,0.01,,1.0,1.0,99.69,95.809144,83.99,84.15,84.1,84.18,84.14,0.0800000000000125,9.507962918946102,6500.0,52000.0,546650.0,4377360.0,0.0,0.0,0.0,0.0,546650.0,4377360.0,1639820.0,4924660.0,5461560.0,6567535.0,6007040.0,6567535.0,4.753981459473051,4.753981459473051,4.753981459473051,5.292820857696904,5.103605368412916,13.083802291132208,,,5,5,520000.0,728000.0,1562.0,13153.0,846354080.0,23-Sep-2026 15:42
20260924T021500Z,2026-09-24T02:15:00.864092+00:00,24-Sep-2026 07:45:00,closed,NSE F&O,PETRONET,PETRONET FUT near (tail),stock_future_tail,INR,native,FUTSTKPETRONET29-09-2026XX0.00,29-09-2026,,,,1900.0,0.05,,1.0,1.0,99.69,95.809144,285.85,285.4,284.7,285.4,285.04999999999995,0.6999999999999886,24.5570952464476,3800.0,1900.0,1081860.0,542260.0,0.0,0.0,0.0,0.0,0.0,0.0,0.0,0.0,2162865.0,1627445.0,3242730.0,2713770.0,12.278547623224794,12.278547623222801,13.081383123718041,12.278547623222801,,,,,5,5,85500.0,123500.0,2572.0,14434.0,1394546116.0,23-Sep-2026 15:42
20260924T021500Z,2026-09-24T02:15:00.864092+00:00,24-Sep-2026 07:45:00,closed,NSE F&O,TIINDIA,TIINDIA FUT near (tail),stock_future_tail,INR,native,FUTSTKTIINDIA29-09-2026XX0.00,29-09-2026,,,,200.0,0.1,,1.0,1.0,99.69,95.809144,2578.6,2580.0,2575.0,2580.0,2577.5,5.0,19.398642095053347,200.0,200.0,515000.0,516000.0,0.0,0.0,0.0,0.0,0.0,0.0,515000.0,516000.0,2573060.0,2065520.0,2573060.0,2582460.0,9.699321047526674,9.699321047526674,12.139811641214422,12.146125984995718,,,,,5,5,9600.0,10600.0,462.0,11056.0,239521128.0,23-Sep-2026 15:42
20260924T021500Z,2026-09-24T02:15:00.864092+00:00,24-Sep-2026 07:45:00,closed,NSE F&O,MANKIND,MANKIND FUT near (tail),stock_future_tail,INR,native,FUTSTKMANKIND29-09-2026XX0.00,29-09-2026,,,,250.0,0.1,,1.0,1.0,99.69,95.809144,2465.0,2471.9,2472.0,2475.9,2473.95,3.900000000000091,15.764263626993639,250.0,250.0,618000.0,618975.0,0.0,0.0,0.0,0.0,0.0,0.0,1235975.0,618975.0,3087650.0,618975.0,3087650.0,1860550.0,7.882131813497738,7.8821318134959,17.569808301333673,8.03654461498143,,,,,5,5,26250.0,17750.0,1416.0,9611.0,874355220.0,23-Sep-2026 15:42
20260924T021500Z,2026-09-24T02:15:00.864092+00:00,24-Sep-2026 07:45:00,closed,NSE F&O,GODFRYPHLP,GODFRYPHLP FUT near (tail),stock_future_tail,INR,native,FUTSTKGODFRYPHLP29-09-2026XX0.00,29-09-2026,,,,275.0,0.1,,1.0,1.0,99.69,95.809144,2003.0,2003.8,1998.0,2015.0,2006.5,17.0,84.7246449040618,275.0,275.0,549450.0,554125.0,0.0,0.0,0.0,0.0,0.0,0.0,0.0,0.0,0.0,0.0,1098652.5,554125.0,42.362322452029765,42.36232245203204,46.80418543287456,44.383729802431404,,,,,5,5,7425.0,20075.0,740.0,5117.0,408648350.0,23-Sep-2026 15:42
20260924T021500Z,2026-09-24T02:15:00.864092+00:00,24-Sep-2026 07:45:00,closed,NSE F&O,RELIANCE,RELIANCE 1250 CE exp 29-Sep (5DTE),stock_option_atm,INR,native,OPTSTKRELIANCE29-09-2026CE1250.00,2026-09-29,1250.0,ATM,5,500.0,0.05,,1.0,1.0,99.69,95.809144,1248.0,8.95,8.9,8.95,8.925,0.049999999999998934,56.02240896358424,1000.0,24500.0,8900.0,219274.99999999997,0.0,0.0,0.0,0.0,0.0,0.0,0.0,0.0,0.0,0.0,8900.0,219274.99999999997,28.011204481791122,159.17533889339995,,,,,,,5,5,1964500.0,1119000.0,32274.0,9455.0,20332297260.0,23-Sep-2026 15:42
20260924T021500Z,2026-09-24T02:15:00.864092+00:00,24-Sep-2026 07:45:00,closed,NSE F&O,RELIANCE,RELIANCE 1250 PE exp 29-Sep (5DTE),stock_option_atm,INR,native,OPTSTKRELIANCE29-09-2026PE1250.00,2026-09-29,1250.0,ATM,5,500.0,0.05,,1.0,1.0,99.69,95.809144,1248.0,10.7,10.75,11.0,10.875,0.25,229.88505747126436,3000.0,1000.0,32250.0,11000.0,0.0,0.0,0.0,0.0,0.0,0.0,0.0,0.0,0.0,0.0,0.0,0.0,,203.33307216626562,,,,,,,5,5,1448500.0,134000.0,12770.0,5365.0,8049952600.0,23-Sep-2026 15:42
20260924T021500Z,2026-09-24T02:15:00.864092+00:00,24-Sep-2026 07:45:00,closed,NSE F&O,HDFCBANK,HDFCBANK 740 CE exp 29-Sep (5DTE),stock_option_atm,INR,native,OPTSTKHDFCBANK29-09-2026CE740.00,2026-09-29,740.0,ATM,5,650.0,0.05,,1.0,1.0,99.69,95.809144,737.25,6.3,6.25,6.3,6.275,0.04999999999999982,79.68127490039812,7800.0,7150.0,48750.0,45045.0,0.0,0.0,0.0,0.0,0.0,0.0,0.0,0.0,0.0,0.0,48750.0,45045.0,94.22326529195918,112.43984690761167,,,,,,,5,5,1875250.0,960050.0,45466.0,23647.0,22081926880.0,23-Sep-2026 15:42
20260924T021500Z,2026-09-24T02:15:00.864092+00:00,24-Sep-2026 07:45:00,closed,NSE F&O,HDFCBANK,HDFCBANK 740 PE exp 29-Sep (5DTE),stock_option_atm,INR,native,OPTSTKHDFCBANK29-09-2026PE740.00,2026-09-29,740.0,ATM,5,650.0,0.05,,1.0,1.0,99.69,95.809144,737.25,7.75,7.65,7.8,7.725,0.14999999999999947,194.17475728155273,650.0,4550.0,4972.5,35490.0,0.0,0.0,0.0,0.0,0.0,0.0,0.0,0.0,0.0,0.0,0.0,0.0,153.93657035047354,197.86597480478383,,,,,,,5,5,1139450.0,232050.0,26164.0,14571.0,12717875612.0,23-Sep-2026 15:42
20260924T021500Z,2026-09-24T02:15:00.864092+00:00,24-Sep-2026 07:45:00,closed,Delta Exchange India,BTCUSD,Delta India BTCUSD perp,crypto_perp,USD,native (RMM programme),,,,,,,,0.001,0.001,99.69,99.69,95.809144,,,84052.0,84053.0,84052.5,1.0,0.11897326075964428,2580.0,2191.0,21618191.2104,18358922.66187,776170772.3597549,1409035633.6959898,1251323482.19244,1811780416.705815,1962748211.4800398,2908527297.71238,3027688239.69462,2908527297.71238,3743537145.88527,2908527297.71238,3743537145.88527,2908527297.71238,0.05948663037982214,0.05948663037982214,0.05948663037982214,0.05948663037982214,0.05948663037982214,0.05948663037982214,0.05948663037982214,0.05948663037982214,20,20,,,,,,1790216134340000
20260924T021500Z,2026-09-24T02:15:00.864092+00:00,24-Sep-2026 07:45:00,closed,Delta Exchange India,ETHUSD,Delta India ETHUSD perp,crypto_perp,USD,native (RMM programme),,,,,,,,0.01,0.01,99.69,99.69,95.809144,,,2676.95,2677.0,2676.975,0.0500000000001819,0.1867779863472087,886.0,3692.0,2364425.18913,9852845.1996,13425452.926125001,55978230.06318,128286412.90390502,159648126.46858498,404423002.80063,409029956.93232,404423002.80063,409029956.93232,404423002.80063,409029956.93232,404423002.80063,409029956.93232,0.09338899317360436,0.09338899317360436,0.09338899317360436,0.09338899317360436,0.09338899317360436,0.1963916194122021,0.09613747032504744,0.37739270110858186,20,20,,,,,,1790216134910000
20260924T021500Z,2026-09-24T02:15:00.864092+00:00,24-Sep-2026 07:45:00,closed,CoinDCX spot,I-BTC_INR,CoinDCX I-BTC_INR,crypto_spot,INR,native,,,,,,,,,1.0,1.0,99.69,95.809144,,,8356982.9,8411286.9,8384134.9,54304.0,64.76995020678878,0.02983,9.9e-05,249288.799907,832.7174031,0.0,0.0,0.0,0.0,0.0,0.0,0.0,0.0,0.0,0.0,601701.6375970001,293915.7509822,34.37239846143587,32.38497510339439,57.545443893772834,45.18150472776712,,,,,20,20,,,,,,1790216135039
20260924T021500Z,2026-09-24T02:15:00.864092+00:00,24-Sep-2026 07:45:00,closed,CoinDCX spot,I-ETH_INR,CoinDCX I-ETH_INR,crypto_spot,INR,native,,,,,,,,,1.0,1.0,99.69,95.809144,,,266052.5,267631.9,266842.2,1579.4000000000233,59.188539144109264,0.9382,0.019405,249610.4555,5193.3970195,0.0,0.0,0.0,0.0,0.0,0.0,0.0,0.0,0.0,0.0,421677.38771,102155.96354950001,34.26650332362624,29.594269572054632,71.03684391908256,46.07691464876032,,,,,20,20,,,,,,1790216133996
20260924T021500Z,2026-09-24T02:15:00.864092+00:00,24-Sep-2026 07:45:00,closed,CoinDCX spot,I-USDT_INR,CoinDCX I-USDT_INR,crypto_spot,INR,native,,,,,,,,,1.0,1.0,99.69,95.809144,,,99.76,99.78,99.77000000000001,0.01999999999999602,2.0046106043896983,43.34,1.44,4323.598400000001,143.6832,0.0,0.0,4323.598400000001,143.6832,4323.598400000001,143.6832,4323.598400000001,143.6832,15556213.0573444,143.6832,32820192.969044402,14601419.3487,28.02555949808493,14.428695008424915,30.982826528865733,14.973994389133614,37.007496511924636,15.205526684069511,40.788753235874196,15.761942478198137,20,20,,,,,,1790216135875
20260924T021500Z,2026-09-24T02:15:00.864092+00:00,24-Sep-2026 07:45:00,closed,CoinDCX spot,B-BTC_USDT,CoinDCX B-BTC_USDT,crypto_spot,USDT,routed (Binance),,,,,,,,,1.0,99.69,99.69,95.809144,,,84077.37,84077.38,84077.375,0.010000000009313226,0.0011893806162850858,1.01045,2.69292,8469261.498309886,22571177.580933623,12077326.686677365,23636433.91727384,12077326.686677365,23636433.91727384,12077326.686677365,23636433.91727384,12077326.686677365,23636433.91727384,12077326.686677365,23636433.91727384,12077326.686677365,23636433.91727384,0.0005946903081425429,0.0005946903081425429,0.0005946903081425429,0.0005946903064117663,0.0005946903081425429,0.0005946903081425429,0.0005946903081425429,0.027955151736364797,20,20,,,,,,1790216136014
20260924T021500Z,2026-09-24T02:15:00.864092+00:00,24-Sep-2026 07:45:00,closed,CoinDCX spot,B-ETH_USDT,CoinDCX B-ETH_USDT,crypto_spot,USDT,routed (Binance),,,,,,,,,1.0,99.69,99.69,95.809144,,,2678.04,2678.05,2678.045,0.010000000000218279,0.037340672020889414,22.3185,16.3981,5958454.9249206,4377879.54167145,6619013.963289391,7672353.778389331,6619013.963289391,7838430.001542091,6619013.963289391,7838430.001542091,6619013.963289391,7838430.001542091,6619013.963289391,7838430.001542091,6619013.963289391,7838430.001542091,0.018670336010444707,0.018670336010444707,0.018670336010444707,0.018670336010444707,0.0655034076892845,0.018670336010444707,,,20,20,,,,,,1790216137015
20260924T021500Z,2026-09-24T02:15:00.864092+00:00,24-Sep-2026 07:45:00,closed,CoinDCX Futures,B-BTC_USDT-futures,CoinDCX Futures BTC_USDT,crypto_perp,USDT,routed (Binance),,,,,,,,,1.0,99.69,99.69,95.809144,,,84044.0,84044.1,84044.05,0.10000000000582077,0.011898522263720127,1.855,9.384,15541832.4978,78622495.791336,17803965.129945,126095942.23884897,17803965.129945,126095942.23884897,17803965.129945,126095942.23884897,17803965.129945,126095942.23884897,17803965.129945,126095942.23884897,17803965.129945,126095942.23884897,0.005949261131860064,0.005949261131860064,0.005949261131860064,0.005949261131860064,0.005949261131860064,0.005949261131860064,0.005949261131860064,0.005949261131860064,20,20,,,,,,1790216137333
20260924T021500Z,2026-09-24T02:15:00.864092+00:00,24-Sep-2026 07:45:00,closed,CoinDCX Futures,B-ETH_USDT-futures,CoinDCX Futures ETH_USDT,crypto_perp,USDT,routed (Binance),,,,,,,,,1.0,99.69,99.69,95.809144,,,2676.95,2676.96,2676.955,0.010000000000218279,0.03735587636033583,56.093,69.823,14969266.6065315,18633394.6607952,18789340.1913537,30109117.020850793,18789340.1913537,30109117.020850793,18789340.1913537,30109117.020850793,18789340.1913537,30109117.020850793,18789340.1913537,30109117.020850793,18789340.1913537,30109117.020850793,0.018677938180167913,0.018677938180167913,0.018677938180167913,0.018677938180167913,0.018677938180167913,0.018677938180167913,0.018677938180167913,0.018677938180167913,20,20,,,,,,1790216137148
20260924T021500Z,2026-09-24T02:15:00.864092+00:00,24-Sep-2026 07:45:00,closed,ZebPay spot,BTC-INR,ZebPay BTC-INR,crypto_spot,INR,native,,,,,,,,,1.0,1.0,99.69,95.809144,,,8360631.17,8441854.72,8401242.945,81223.55000000075,96.68039661719453,0.0006424,0.01182795,5370.869463608,99849.835535424,0.0,0.0,0.0,0.0,0.0,0.0,0.0,0.0,0.0,0.0,5370.869463608,99849.835535424,48.398262072873415,67.59197416996099,85.25546931326653,69.97427819524145,138.2700976438375,,,,20,20,,,,,,1790216138
20260924T021500Z,2026-09-24T02:15:00.864092+00:00,24-Sep-2026 07:45:00,closed,ZebPay spot,ETH-INR,ZebPay ETH-INR,crypto_spot,INR,native,,,,,,,,,1.0,1.0,99.69,95.809144,,,266186.17,268935.84,267561.005,2749.670000000042,102.76796501044844,0.392046,0.371277,104357.22320382,99849.69186768001,0.0,0.0,0.0,0.0,0.0,0.0,0.0,0.0,0.0,0.0,0.0,0.0,51.448534355178715,51.38398250522422,155.81356670559447,69.28026035901343,,,,,20,20,,,,,,1790216138
20260924T021500Z,2026-09-24T02:15:00.864092+00:00,24-Sep-2026 07:45:00,closed,ZebPay spot,USDT-INR,ZebPay USDT-INR,crypto_spot,INR,native,,,,,,,,,1.0,1.0,99.69,95.809144,,,99.646,99.836,99.741,0.18999999999999773,19.049337784862566,637.80741,1164.26579,63554.95717686,116235.63941044,0.0,0.0,0.0,0.0,0.0,0.0,63554.95717686,116235.63941044,1069673.4841850852,508328.668429038,1840362.1264465053,1191427.5277544681,9.524668892431283,10.292104974993357,24.17352277962568,13.557152937327642,,,,,20,20,,,,,,1790216138
20260924T021500Z,2026-09-24T02:15:00.864092+00:00,24-Sep-2026 07:45:00,closed,ZebPay Futures,BTCINR,ZebPay Futures BTCINR perp,crypto_perp,INR,"mirrored (global USDT book, internal FX)",,,,,,,,,1.0,1.0,99.69,95.809144,,,8029077.0,8029182.0,8029129.5,105.0,0.13077382797226025,0.439,18.003,3524764.803,144549363.546,4070734.8910000003,157524628.607,4070734.8910000003,157524628.607,4070734.8910000003,157524628.607,4070734.8910000003,157524628.607,4070734.8910000003,157524628.607,4070734.8910000003,157524628.607,0.06538691398613013,0.06538691398613013,0.06538691398613013,0.06538691398613013,0.06538691398613013,,0.06538691398613013,,20,20,,,,,,1790216140154
20260924T021500Z,2026-09-24T02:15:00.864092+00:00,24-Sep-2026 07:45:00,closed,ZebPay Futures,ETHINR,ZebPay Futures ETHINR perp,crypto_perp,INR,"mirrored (global USDT book, internal FX)",,,,,,,,,1.0,1.0,99.69,95.809144,,,255864.0,255904.0,255884.0,40.0,1.5632083287739758,69.041,131.958,17665106.424,33768580.032,17910475.696999997,35910251.389,20850746.593999993,37513583.25400001,20850746.593999993,37513583.25400001,20850746.593999993,37513583.25400001,20850746.593999993,37513583.25400001,20850746.593999993,37513583.25400001,0.7816041643869879,0.7816041643881252,0.7816041643869879,0.7816041643869879,0.7816041643881252,0.7816041643858505,0.7816041643881252,0.7816041643858505,19,19,,,,,,1790216140484
20260924T021500Z,2026-09-24T02:15:00.864092+00:00,24-Sep-2026 07:45:00,closed,Pi42,BTCINR,Pi42 BTCINR perp,crypto_perp,INR,"mirrored (global USDT book, internal FX)",,,,,,,,,1.0,1.0,99.69,95.809144,,,8028723.0,8028828.0,8028775.5,105.0,0.13077959397419942,0.001,2.916,8028.723,23412062.448,433545.929,121557407.363,433545.929,121557407.363,433545.929,121557407.363,433545.929,121557407.363,433545.929,121557407.363,433545.929,121557407.363,0.06538979698709971,0.09938480144086098,0.06538979698709971,,0.0653897969882597,,0.0653897969882597,,20,20,,,,,,1790216141132
20260924T021500Z,2026-09-24T02:15:00.864092+00:00,24-Sep-2026 07:45:00,closed,Pi42,ETHINR,Pi42 ETHINR perp,crypto_perp,INR,"mirrored (global USDT book, internal FX)",,,,,,,,,1.0,1.0,99.69,95.809144,,,255844.0,255884.0,255864.0,40.0,1.5633305193383986,38.991,693.736,9975613.404,177515942.62399998,11375839.644,180628553.58299997,21588498.402999997,410620817.74599993,21588498.402999997,410620817.74599993,21588498.402999997,410620817.74599993,21588498.402999997,410620817.74599993,21588498.402999997,410620817.74599993,0.7816652596691993,0.7816652596680619,0.7816652596691993,0.7816652596691993,0.7816652596691993,0.7816652596691993,0.7816652596691993,0.7817605708169637,19,19,,,,,,1790216141163
20260924T021500Z,2026-09-24T02:15:00.864092+00:00,24-Sep-2026 07:45:00,closed,WazirX spot,btcinr,WazirX BTC/INR,crypto_spot,INR,native,,,,,,,,,1.0,1.0,99.69,95.809144,,,8400060.0,8429747.0,8414903.5,29687.0,35.279073610291555,0.06013,0.00731,505095.6078,61621.45056999999,0.0,0.0,0.0,0.0,0.0,0.0,0.0,0.0,510639.6078,63139.715829999994,510639.6078,63899.53137999999,36.53631535204937,17.639536805145777,,,,,,,20,20,,,,,,1790216142909
20260924T021500Z,2026-09-24T02:15:00.864092+00:00,24-Sep-2026 07:45:00,closed,Giottus spot,BTC/INR,Giottus BTC/INR,crypto_spot,INR,native,,,,,,,,,1.0,1.0,99.69,95.809144,,,8350001.0,8400000.0,8375000.5,49999.0,59.70029494326597,5.988e-05,0.00107721,499.99805988,9048.564,0.0,0.0,0.0,0.0,0.0,0.0,0.0,0.0,0.0,0.0,14416.28885988,9048.564,561.609871498357,217.60736414352417,,,,,,,20,20,,,,,,
